1
2
3
4
5
567210
0
0
0
0
0
0
0
890
0
0
0
0
0
0
0
0
0
0
0
0
0
0
0
0
0
0
0
0
0
0
0
0
0
0
0
0
0
0
0
0
0
0
0
0
0
0
0
0
0
0
0
0
0
0
0
0
0
0
0
0
0
0
0
0
0
0
0
0
0
0
0
0
0
0
0
0
0
0
0
0
0
0
0
0
0
0
0
0
0
0
0
0
0
0
0
0
0
0
0
0
0
0
0
0
0
0
0
0
0
0
0
0
0
0
0
0
0
0
0
0
0
0
0
0
0
0
0
0
0
0
0
0
0
0
0
0
0
0
0
0
0
0
0
0
0
0
0
0
0
0
0
0
0
0
0
0
0
0
0
0
0
0
0
0
0
0
0
0
0
0
0
0
0
0
0
0
0
0
0
0
0
0
0
0
0
0
0
0
0
0
0
0
0
660
420
40
370
30
80
110
400
20
0
70
60
490
470
350
310
170
140
2920
2760
30
30
0
180
130
1120
180
40
0
100
0
0
70
100
180
110
480
470
80
50
40
0
410
0
240
120
370
130
30
90
0
0
480
200
40
90
90
170
0
180
130
350
350
250
90
520
150
130
160
310
770
80
290
920
1430
120
60
80
160
190
540
100
0
0
0
0
0
200
70
10
10
0
350
40
90
300
330
80
80
180
220
240
140
40
150
140
80
210
160
70
130
100
90
90
80
180
150
500
890
40
0
0
0
0
570
560
320
100
160
60
210
680
270
110
0
410
2800
290
350
1900
1030
730
0
70
70
100
60
30
530
0
0
520
320
300
0
0
900
140
340
260
1450
1340
130
0
60
880
360
720
330
1270
1470
110
430
510
1020
390
40
370
170
100
320
430
1170
500
230
680
400
1170
220
1090
40
130
30
0
180
0
190
580
80
490
1430
610
950
780
460
570
1260
440
30
0
0
10
460
40
10
40
